[-6.65778443e-02  8.76676291e-02  1.21674828e-01  2.44173314e-02
 -1.60360023e-01  3.32671497e-03 -1.90340728e-02 -1.81808710e-01
  8.40738118e-02 -1.37447670e-01  1.95434064e-01 -4.48329747e-03
 -2.51849532e-01 -3.70208104e-03 -5.78033999e-02  1.47167206e-01
 -1.41814172e-01 -1.33567706e-01 -5.36128171e-02 -7.86770359e-02
 -5.14758155e-02  6.54692203e-02 -1.20139308e-03 -5.09339571e-02
 -6.25473112e-02 -2.93612540e-01 -7.73802251e-02 -7.71332234e-02
  1.08760506e-01  6.10380284e-02 -1.11615378e-03  7.84186050e-02
 -1.77193284e-01  1.69630386e-02  3.34843844e-02  8.47431719e-02
 -1.17525376e-01 -2.71699727e-02  2.22982362e-01 -3.42636965e-02
 -1.68464631e-01  1.24276755e-02  5.52015379e-02  1.84627384e-01
  2.53091007e-01 -8.12079990e-04  6.07685745e-02 -1.38621539e-01
  8.83699358e-02 -2.60217994e-01 -1.23240612e-03  1.95972458e-01
  1.32604063e-01  6.47402704e-02  5.06443009e-02 -1.25818685e-01
 -7.58867059e-03  5.92087656e-02 -1.68654516e-01  1.38398688e-02
  8.59143510e-02 -8.22766423e-02  1.99546125e-02 -2.42231451e-02
  1.96737781e-01  2.07675584e-02 -5.32422848e-02 -1.10270008e-01
  2.87468582e-01 -2.32563600e-01 -4.18565795e-02  1.00482404e-01
 -7.42032975e-02 -1.24477491e-01 -2.45486617e-01 -2.34688409e-02
  4.51213837e-01  1.29195318e-01 -4.77277860e-02  4.26532961e-02
 -1.36160612e-01 -9.53095555e-02  5.40882302e-03 -1.17753530e-02
 -4.92835529e-02 -1.56286985e-01 -1.02457240e-01  2.95328386e-02
  2.80597389e-01 -1.08268440e-01  6.46592081e-02  1.76253751e-01
  4.54756469e-02 -3.55544612e-02 -1.31380744e-04  5.80345355e-02
 -9.05802995e-02 -2.60156039e-02 -8.92877355e-02 -5.53330779e-02
 -5.32153174e-02 -1.31618753e-01  6.90836534e-02  1.35095224e-01
 -2.21163794e-01  1.72642559e-01 -6.69154376e-02 -4.08458859e-02
  3.40998620e-02 -5.17740473e-02 -5.24041131e-02  1.79751380e-03
  2.17200398e-01 -2.05042794e-01  1.94735572e-01  1.19238138e-01
 -6.64248690e-02  1.16529271e-01  2.13690661e-02  1.16392553e-01
 -9.23932567e-02 -1.15954295e-01 -1.72884524e-01 -1.54188633e-01
 -3.66708860e-02 -5.53918891e-02  9.22226720e-03  7.44750351e-02]
[-0.14697945  0.11549568  0.02082711  0.01473308 -0.12029173 -0.04198294
  0.04333899 -0.17528512  0.07195439 -0.09123942  0.18337937 -0.09474303
 -0.3689687  -0.08447631  0.01539471  0.13653412 -0.14497522 -0.16564286
 -0.21783957 -0.130504    0.03121561  0.00411425 -0.03087614 -0.03751948
 -0.10649678 -0.22844894 -0.05245752 -0.13634913  0.01355841 -0.08901952
  0.05384774 -0.00648301 -0.20069705 -0.12598714 -0.00040323 -0.00524134
 -0.09508006 -0.07076526  0.18021169 -0.02754559 -0.17109731 -0.02249118
  0.0302608   0.208009    0.21906397  0.02405896 -0.00423667 -0.16121118
  0.10059401 -0.28701305 -0.01049323  0.15151429  0.16073158  0.12005756
  0.06375924 -0.14246453  0.04566675  0.13712034 -0.22929692  0.06983946
  0.08073717 -0.1629508  -0.03991454 -0.05127396  0.12064893  0.08482788
 -0.02560265 -0.12716161  0.2736825  -0.18791005 -0.1469648   0.06758483
 -0.04398579 -0.1858243  -0.33015418 -0.04720606  0.36850822  0.17503382
 -0.19521585 -0.08623883 -0.10201284 -0.02762719  0.04177317  0.01900651
 -0.06889451 -0.13553745 -0.09090544  0.01037596  0.23836765 -0.09312789
 -0.02405681  0.21472289  0.05737308 -0.0700323   0.0458299   0.02581535
 -0.10061779 -0.03902079 -0.10947106 -0.08529975  0.05023878 -0.13564035
  0.03410894  0.11484313 -0.14639468  0.17923738 -0.02349176 -0.03939148
 -0.08264276 -0.11609281  0.00106891  0.07808771  0.19694388 -0.16147183
  0.25157908  0.23785864 -0.02474104  0.10054354  0.01651288  0.0377571
 -0.05633312 -0.06818631 -0.22446842 -0.16725263  0.03507176  0.03204223
  0.01686987  0.05578312]
