[-0.03781993  0.06223206  0.02893787 -0.0288281  -0.10315572 -0.08545216
 -0.00244292 -0.09898117  0.07277168 -0.02728556  0.21848737 -0.00341824
 -0.27600133 -0.12728551  0.03938539  0.07853939 -0.08946057 -0.10247098
 -0.18041515 -0.12328315 -0.04285149  0.04012744  0.02325444 -0.05613401
 -0.08420929 -0.20893267 -0.09348306 -0.09288722  0.07744443 -0.09157289
  0.07306057  0.10101292 -0.15980223 -0.09836052  0.02103749  0.01502994
 -0.04736859 -0.07668385  0.18319418 -0.02158611 -0.12205983 -0.05369402
  0.04769752  0.24080522  0.262467    0.01063209  0.0099423  -0.07617036
  0.0714282  -0.28002968  0.03980447  0.12839617  0.11797334  0.10045538
  0.07448249 -0.14746457  0.08493286  0.13818376 -0.18261547  0.02495207
  0.08142637 -0.13880779 -0.08847421 -0.06978206  0.19094718  0.05603075
 -0.06457707 -0.11550803  0.17523195 -0.16070838 -0.0960862   0.06931926
 -0.0963507  -0.13005076 -0.2675823   0.08263552  0.37211064  0.17062993
 -0.17729574  0.04451203 -0.07511535 -0.01295617  0.05612233 -0.02437861
 -0.08852034 -0.14845385 -0.09769409 -0.010921    0.19013105 -0.09086014
  0.0146407   0.16768049 -0.00122086 -0.01319518  0.04196353 -0.01989099
 -0.03986248  0.05430357 -0.05998147  0.02756039  0.1240513  -0.2000863
  0.05135623  0.07997341 -0.1398496   0.15827726  0.00963192 -0.0059377
  0.06782085 -0.08249338 -0.03283754 -0.01132866  0.20372882 -0.23348778
  0.27751321  0.17704225 -0.02357103  0.14210778  0.06115028  0.18684871
 -0.04439482 -0.01149344 -0.14387301 -0.10386359  0.03601625 -0.00866067
 -0.00899364  0.05771859]
[-0.15630199  0.07190024  0.02367296 -0.10172277 -0.0805886  -0.02066831
  0.04643615 -0.11525742  0.16642265 -0.10044006  0.21183984  0.0051002
 -0.19671147 -0.17385104  0.03654721  0.15685315 -0.09796342 -0.15774883
 -0.07651957 -0.14087078 -0.00364908  0.07723294 -0.02640566  0.05658051
 -0.1277227  -0.25241753 -0.09014757 -0.14109376  0.00315765 -0.08226927
  0.02407674  0.09753817 -0.22816795 -0.10781707 -0.02442896  0.03008806
 -0.03392949 -0.05905513  0.19839887  0.03597855 -0.13032112  0.02083055
  0.08100753  0.2988219   0.18804117 -0.10239442 -0.00262528  0.00955295
  0.09520417 -0.24110986 -0.03434293  0.12016683  0.14203031  0.09127414
  0.00893529 -0.10490579  0.02959014  0.07872967 -0.23101652  0.07470431
  0.00812208 -0.14186996 -0.07929536 -0.03991863  0.18889634  0.06815499
 -0.08471972 -0.15055938  0.1375695  -0.15011501 -0.03682721  0.10743298
 -0.14432228 -0.16272405 -0.24518506  0.11070281  0.36357996  0.16898964
 -0.1905801   0.04350482 -0.16251378 -0.05418303 -0.01478453  0.04127111
  0.02632006 -0.05059989 -0.06509285  0.02593457  0.19117537 -0.02772765
 -0.00140338  0.28130716  0.04877426 -0.01676165  0.00094121  0.03367605
 -0.07362933 -0.02963185 -0.04579833 -0.01667606 -0.00333865 -0.15978131
  0.0361317   0.11055477 -0.21572269  0.22299665  0.01197282 -0.00311128
 -0.0311065   0.03762491 -0.01430088 -0.04508447  0.12847865 -0.19758326
  0.18152231  0.19018459 -0.02981361  0.16531099  0.0101088   0.108741
 -0.07226338 -0.01447973 -0.09717909 -0.09820635  0.04294097 -0.01435774
  0.03478701  0.06152659]

[-0.11402509  0.14592686 -0.01564551 -0.01270842 -0.10793771  0.03306402
  0.03588831 -0.16885713  0.11727456 -0.09250151  0.23061036 -0.05008335
 -0.33985791 -0.08596484  0.01022124  0.14559606 -0.13744278 -0.08898744
 -0.19973743 -0.15777591  0.0364784   0.05927917 -0.0393226  -0.03926273
 -0.10256445 -0.25862986 -0.03163744 -0.08169274  0.01929963 -0.12678823
  0.02066792  0.05369483 -0.20977311 -0.09399671 -0.01895291  0.08633959
 -0.08966948 -0.0528357   0.08858983  0.00559801 -0.12734258  0.01331451
  0.02208721  0.22338888  0.2058755  -0.00895732  0.01178788 -0.13510565
  0.10359842 -0.2452198  -0.01027633  0.10132188  0.07728589  0.13879077
  0.04572332 -0.14576529  0.00362001  0.10100541 -0.14071143  0.03872043
  0.11191187 -0.19750927 -0.07473832 -0.06067849  0.08772716  0.06439988
 -0.02752012 -0.15149087  0.20617123 -0.17767973 -0.16279815  0.02410309
 -0.04115807 -0.16208525 -0.3542693   0.05676598  0.3642728   0.18970716
 -0.20732686 -0.05146392 -0.0453896   0.00208668  0.1065473   0.06851166
  0.00323549 -0.08066398 -0.12952307  0.02947345  0.22718874 -0.08027771
 -0.0302831   0.23856023  0.03955084 -0.00838095  0.05403687  0.07488526
 -0.12399182 -0.02302776 -0.12490758 -0.06625657  0.05961216 -0.13604954
 -0.00953252  0.11019938 -0.10646024  0.24280575 -0.01756041  0.00073252
 -0.03973929 -0.09804022  0.00589942  0.05821592  0.16903913 -0.17117515
  0.22202888  0.22837374 -0.00296946  0.1549097   0.05676225  0.10088357
 -0.03843419 -0.03757446 -0.21765283 -0.17867638  0.00315383  0.05160693
 -0.03582639  0.04757993]
[-0.1059135   0.06601223  0.09470902  0.01051909 -0.14271556 -0.07843609
 -0.03528139 -0.21029182  0.1285568  -0.1788999   0.17042008 -0.02199284
 -0.29622236 -0.04369329 -0.03616132  0.15474804 -0.13879667 -0.12692554
 -0.11447034 -0.05842641  0.0361011   0.06925598  0.08280556 -0.06908357
 -0.05376539 -0.27556369 -0.05554151 -0.05113138  0.09982042  0.02471001
 -0.01771075  0.05212387 -0.21869415 -0.04360647 -0.01849265  0.09563573
 -0.05596838 -0.02559677  0.23079032 -0.07368086 -0.18875968  0.00096399
  0.03200146  0.13023214  0.27882028  0.03993468  0.01375399 -0.12928845
  0.09624711 -0.32198432  0.02219621  0.13236509  0.13758488  0.01901533
  0.0563432  -0.16937266 -0.00971045  0.10972015 -0.19239326  0.0290204
  0.11477237 -0.10004146  0.00061604 -0.01097076  0.20307662  0.00675538
 -0.0763054  -0.07615635  0.25138304 -0.20737934 -0.02654333  0.06045334
 -0.06795657 -0.12898469 -0.30049038 -0.04463397  0.43590885  0.11152188
 -0.076307    0.03703681 -0.1505823  -0.06410325 -0.03077275 -0.06693327
 -0.04410112 -0.16305164 -0.15669605  0.01096679  0.24505971 -0.10824735
  0.05171071  0.23623531  0.05797348 -0.01321834 -0.03810976  0.04940954
 -0.11269859 -0.0333865  -0.10129067 -0.03594557 -0.01416068 -0.13789003
  0.05520432  0.13819107 -0.20149092  0.16179109 -0.0833888  -0.02357997
  0.03925671 -0.0530357  -0.08356076 -0.02314578  0.1714859  -0.17541665
  0.19401644  0.16747259 -0.0198531   0.15033779  0.03041566  0.12685649
 -0.03704178 -0.00948911 -0.20290528 -0.17074853 -0.00261971 -0.02946961
  0.04650179  0.155792  ]
